-9.5725 -0.015001 3.2090700000000005
-9.5725 -0.009542100000000001 3.2090700000000005
-9.5725 -0.0040832 3.2090700000000005
-9.5725 0.0013757000000000005 3.2090700000000005
-9.5725 0.0068346 3.2090700000000005
-9.5725 0.012293499999999999 3.2090700000000005
-9.5725 0.0177524 3.2090700000000005
-9.5725 0.023211299999999997 3.2090700000000005
-9.5725 0.0286702 3.2090700000000005
-9.5725 0.0341291 3.2090700000000005
-8.50525 -0.015001 3.2090700000000005
-8.50525 -0.009542100000000001 3.2090700000000005
-8.50525 -0.0040832 3.2090700000000005
-8.50525 0.0013757000000000005 3.2090700000000005
-8.50525 0.0068346 3.2090700000000005
-8.50525 0.012293499999999999 3.2090700000000005
-8.50525 0.0177524 3.2090700000000005
-8.50525 0.023211299999999997 3.2090700000000005
-8.50525 0.0286702 3.2090700000000005
-8.50525 0.0341291 3.2090700000000005
-7.438 -0.015001 3.2090700000000005
-7.438 -0.009542100000000001 3.2090700000000005
-7.438 -0.0040832 3.2090700000000005
-7.438 0.0013757000000000005 3.2090700000000005
-7.438 0.0068346 3.2090700000000005
-7.438 0.012293499999999999 3.2090700000000005
-7.438 0.0177524 3.2090700000000005
-7.438 0.023211299999999997 3.2090700000000005
-7.438 0.0286702 3.2090700000000005
-7.438 0.0341291 3.2090700000000005
-6.370749999999999 -0.015001 3.2090700000000005
-6.370749999999999 -0.009542100000000001 3.2090700000000005
-6.370749999999999 -0.0040832 3.2090700000000005
-6.370749999999999 0.0013757000000000005 3.2090700000000005
-6.370749999999999 0.0068346 3.2090700000000005
-6.370749999999999 0.012293499999999999 3.2090700000000005
-6.370749999999999 0.0177524 3.2090700000000005
-6.370749999999999 0.023211299999999997 3.2090700000000005
-6.370749999999999 0.0286702 3.2090700000000005
-6.370749999999999 0.0341291 3.2090700000000005
-5.3035 -0.015001 3.2090700000000005
-5.3035 -0.009542100000000001 3.2090700000000005
-5.3035 -0.0040832 3.2090700000000005
-5.3035 0.0013757000000000005 3.2090700000000005
-5.3035 0.0068346 3.2090700000000005
-5.3035 0.012293499999999999 3.2090700000000005
-5.3035 0.0177524 3.2090700000000005
-5.3035 0.023211299999999997 3.2090700000000005
-5.3035 0.0286702 3.2090700000000005
-5.3035 0.0341291 3.2090700000000005
-4.23625 -0.015001 3.2090700000000005
-4.23625 -0.009542100000000001 3.2090700000000005
-4.23625 -0.0040832 3.2090700000000005
-4.23625 0.0013757000000000005 3.2090700000000005
-4.23625 0.0068346 3.2090700000000005
-4.23625 0.012293499999999999 3.2090700000000005
-4.23625 0.0177524 3.2090700000000005
-4.23625 0.023211299999999997 3.2090700000000005
-4.23625 0.0286702 3.2090700000000005
-4.23625 0.0341291 3.2090700000000005
-3.1689999999999996 -0.015001 3.2090700000000005
-3.1689999999999996 -0.009542100000000001 3.2090700000000005
-3.1689999999999996 -0.0040832 3.2090700000000005
-3.1689999999999996 0.0013757000000000005 3.2090700000000005
-3.1689999999999996 0.0068346 3.2090700000000005
-3.1689999999999996 0.012293499999999999 3.2090700000000005
-3.1689999999999996 0.0177524 3.2090700000000005
-3.1689999999999996 0.023211299999999997 3.2090700000000005
-3.1689999999999996 0.0286702 3.2090700000000005
-3.1689999999999996 0.0341291 3.2090700000000005
-2.101749999999999 -0.015001 3.2090700000000005
-2.101749999999999 -0.009542100000000001 3.2090700000000005
-2.101749999999999 -0.0040832 3.2090700000000005
-2.101749999999999 0.0013757000000000005 3.2090700000000005
-2.101749999999999 0.0068346 3.2090700000000005
-2.101749999999999 0.012293499999999999 3.2090700000000005
-2.101749999999999 0.0177524 3.2090700000000005
-2.101749999999999 0.023211299999999997 3.2090700000000005
-2.101749999999999 0.0286702 3.2090700000000005
-2.101749999999999 0.0341291 3.2090700000000005
-1.0344999999999995 -0.015001 3.2090700000000005
-1.0344999999999995 -0.009542100000000001 3.2090700000000005
-1.0344999999999995 -0.0040832 3.2090700000000005
-1.0344999999999995 0.0013757000000000005 3.2090700000000005
-1.0344999999999995 0.0068346 3.2090700000000005
-1.0344999999999995 0.012293499999999999 3.2090700000000005
-1.0344999999999995 0.0177524 3.2090700000000005
-1.0344999999999995 0.023211299999999997 3.2090700000000005
-1.0344999999999995 0.0286702 3.2090700000000005
-1.0344999999999995 0.0341291 3.2090700000000005
0.03275000000000006 -0.015001 3.2090700000000005
0.03275000000000006 -0.009542100000000001 3.2090700000000005
0.03275000000000006 -0.0040832 3.2090700000000005
0.03275000000000006 0.0013757000000000005 3.2090700000000005
0.03275000000000006 0.0068346 3.2090700000000005
0.03275000000000006 0.012293499999999999 3.2090700000000005
0.03275000000000006 0.0177524 3.2090700000000005
0.03275000000000006 0.023211299999999997 3.2090700000000005
0.03275000000000006 0.0286702 3.2090700000000005
0.03275000000000006 0.0341291 3.2090700000000005
