-6.45 0 6.20416 5.93335
-6.35 0 6.18093 5.91221
-5.85 0 6.18801 5.82967
-5.15 0.001 6.04028 5.80915
-6.8 0 6.24574 6.02684
-5.8 -0.006499 6.00278 5.82818
0.2 -0.001498 0 0.0163546
0.8 0 0 0.00479904
-0.15 0 0 0.0467639
-0.75 0 0.223337 0.187041
0.65 0 0.140036 0.00496163
0.05 0.0015 0 0.0192475
-0.3 0 0 0.0595193
0.2 0 0.002528 0.0166084
0.1 0 0 0.0180689
0.5 0.001501 0 0.00522782
0.1 0.003501 0 0.0184823
-0.15 0 0.489936 0.0467639
-0.1 0 0 0.0421395
0.05 0 0 0.0189985
0.15 0 0 0.0173114
-0.8 0.001501 0 0.201274
-0.65 0 0.231058 0.164759
0.45 0 0.002379 0.011591
-0.55 0 0 0.140462
-0.25 -0.0025 0 0.0544362
-0.15 0 0 0.0467639
-0.75 0 0 0.187041
0.35 0.005999 0 0.0148564
0.55 0 0 0.00506254
-0.05 0 0.000168 0.0363539
0.65 0.003998 0 0.00504503
0.05 0 0 0.0189985
-0.85 0.005001 0.33092 0.218964
-0.8 0 0.715508 0.199791
-0.7 0.0015 0.138943 0.176833
0.45 0 0 0.011591
-0.4 0.008 0 0.0722004
0.4 0.000998 0 0.0133598
0 -0.005001 0 0.0206898
-0.45 0 0.017214 0.0791694
-0.1 0.001501 0 0.0424773
0.15 0.0015 0 0.0175484
0 0 0.088941 0.0213262
0 0.011999 0 0.0281291
0.45 0 0 0.011591
-0.1 -0.002997 0 0.0414764
-0.5 -0.002999 0 0.109402
-0.7 0 0.513986 0.175644
-0.85 0 0.977181 0.215152
-0.55 -0.007001 0 0.136896
-0.75 0 0.225585 0.187041
0.25 0 0 0.0159037
-0.55 0 0 0.140462
0.1 0.005 0 0.0186204
-0.05 0.010502 0 0.0447229
0 0 0.058721 0.0213262
-0.1 0 0.005193 0.0421395
-0.35 -0.002002 0 0.0637406
0.2 0 0 0.0166084
0 0 0 0.0213262
0 0 0 0.0213262
-0.55 0 0.07725 0.140462
-0.4 0.0015 0.451923 0.070878
-0.45 0.001093 0.145757 0.079534
0.1 0.006498 0 0.0187993
0.05 0.006998 0 0.0198267
0.05 0 0 0.0189985
0.15 -0.002997 0 0.0169152
0.7 0.006499 0 0.00504217
0 0.011498 0 0.0281752
-0.05 0 0 0.0363539
-0.15 -0.002 0 0.0462126
0 0.004002 0 0.0218154
0.3 0 0 0.0151505
-0.45 -0.003 0 0.07814
0.15 0 0 0.0173114
-0.55 0 0 0.140462
0 0 0 0.0213262
-0.65 0 0.789016 0.164759
-0.4 0 0 0.0704619
0.55 0 0 0.00506254
0.25 0 0 0.0159037
0 0.000997 0 0.021534
0.2 2e-06 0 0.0166084
0.05 0 0 0.0189985
0.45 0 0 0.011591
0.05 0 0.067228 0.0189985
-0.15 -0.003 0 0.0460507
0.7 0 0 0.00491344
-0.75 0 0.842622 0.187041
0.2 0 0 0.0166084
-0.1 0 0 0.0421395
0.3 0 0 0.0151505
-0.2 0.006 0 0.0519787
-0.35 0 0.253343 0.0644308
-0.25 0 0 0.0551462
0.1 -0.010997 0 0.0105379
0.15 0 0.039272 0.0173114
-0.55 0 0.144635 0.140462
0.1 0 0 0.0180689
0.3 -0.000499 0 0.015017
-0.6 0 0 0.153544
-0.1 0.001093 0.103121 0.0424228
0.1 0 0 0.0180689
-0.6 0 0 0.153544
0.4 0 0 0.0132052
-0.05 0 0 0.0363539
-0.25 0 0.235001 0.0551462
-0.6 0 0.462965 0.153544
0.1 -0.004499 0 0.0175211
0.3 -0.010999 0 0.00862552
0.3 0 0 0.0151505
-0.05 0 0 0.0363539
0 0 0 0.0213262
-0.45 0 0.148516 0.0791694
-0.35 -0.001001 0.4032 0.0639646
0.1 -0.007178 0 0.0171541
-0.35 0 0 0.0644308
0.35 0 0 0.0142884
-0.35 0 0 0.0644308
-0.1 0 0 0.0421395
0.2 0 0 0.0166084
0.1 0.000502 0 0.0182039
0.6 0 0 0.0050093
0.35 0 0.003336 0.0142884
-0.1 0.001999 0 0.0425385
-0.1 0 0 0.0421395
-0.25 0 0.183885 0.0551462
-0.55 0 0 0.140462
0.25 -0.0015 0 0.0156558
-0.1 0 0.090058 0.0421395
-0.25 0 0.404709 0.0551462
0 1e-06 0 0.0213262
0.35 0 0 0.0142884
0.4 0 0 0.0132052
0.45 0 0.043763 0.011591
-0.55 0 0 0.140462
0.05 0.004 0.099923 0.0194669
0.6 0 0 0.0050093
-0.2 0 0 0.0509841
0.15 0.006499 0.089109 0.018025
-1.05 0 0.489976 0.539256
-0.55 0 0.087092 0.140462
-0.15 0 0.00559 0.0467639
-0.1 0 0 0.0421395
-0.2 -0.0015 0.238437 0.0504891
0.45 0 0 0.011591
-0.2 -0.002001 0 0.0503984
-0.75 0 0 0.187041
0.15 -1e-06 0.079786 0.0173114
0.3 0 0 0.0151505
-5.66 -0.005502 0 5.81924
0.25 0.006 0 0.0165183
-0.25 -0.0015 0 0.0546232
0.05 -0.002 0 0.0186787
0.5 0 0.047851 0.00517528
0.1 0 0.269626 0.0180689
0.1 0 0 0.0180689
0.2 0 0 0.0166084
0.25 0.004002 0 0.0163265
-0.3 0 0 0.0595193
-0.35 0 0.408736 0.0644308
-0.75 0.003 0 0.189067
-0.45 0.000501 0 0.0794111
0.35 -0.001499 0 0.014057
0.25 0 0 0.0159037
0.65 -0.005503 0 0.00475893
0.15 0 0 0.0173114
0.15 0 0 0.0173114
-0.25 0.004 0.032009 0.0558548
-0.55 0 0 0.140462
0.2 -0.001501 0 0.0163543
-0.75 0 0 0.187041
0.15 0.006999 0 0.0181014
-0.8 0 0.733416 0.199791
-0.15 0 0 0.0467639
-0.3 0 0 0.0595193
-0.4 0 0 0.0704619
-0.45 0 0 0.0791694
0 0 0 0.0213262
0.1 0 0 0.0180689
-0.25 0 0.046034 0.0551462
0.5 0 0 0.00517528
-0.1 0 0 0.0421395
-0.35 0 0 0.0644308
-0.45 0.001999 0.518033 0.0796829
-0.75 0.003 0.24321 0.189067
0.25 0 0 0.0159037
-0.35 0 0 0.0644308
-0.65 0 0 0.164759
0.15 0 0.065644 0.0173114
-0.25 0 0 0.0551462
-6.1925 -0.003 0 5.89269
-0.45 -0.002998 0.19921 0.0781405
-0.05 0 0 0.0363539
-0.25 0 0 0.0551462
-0.05 0 0 0.0363539
-6.165 0 0 5.88832
0.55 0.001501 0 0.00511059
-0.45 -0.006501 0 0.0771361
0 0 0 0.0213262
0.15 0 0 0.0173114
-0.45 0 0 0.0791694
-0.25 0 0 0.0551462
-0.6 0 0 0.153544
0.45 0 0 0.011591
-0.3 0 0.09547 0.0595193
-0.35 0.002 0 0.0649057
-0.9 0 0.719688 0.235699
0.45 0 0 0.011591
-0.4 0 0 0.0704619
-0.05 -0.004503 0 0.03554
-0.1 0 0.079676 0.0421395
-0.85 0 0 0.215152
-0.45 0 0.035293 0.0791694
0.35 0.008001 0 0.0151667
0.25 0 0 0.0159037
0.25 0 0 0.0159037
0.45 -0.0035 0 0.0112565
0.1 0 0 0.0180689
0.1 0 0 0.0180689
0.35 0 0 0.0142884
-0.05 -0.003917 0 0.0356266
0.05 0 0.000341 0.0189985
0.2 -0.003501 0 0.0161764
0.3 -0.0085 0 0.0139885
-0.55 0 0.116786 0.140462
-0.65 0.001499 0.586817 0.165821
-0.4 0 0 0.0704619
-0.3 0 0 0.0595193
-0.65 0 0.332582 0.164759
-0.35 0 0 0.0644308
-0.1 0 0 0.0421395
-0.15 0 0 0.0467639
-0.2 0.0035 0 0.0516051
0.65 0 0 0.00496163
0 -0.014502 0 0.012662
0.3 0 0 0.0151505
-0.2 0 0.913577 0.0509841
-0.25 0 0 0.0551462
-0.15 0 0 0.0467639
-0.05 0.0015 0 0.0366719
0.1 0.0015 0 0.0183116
-0.05 0.006499 0 0.0373063
-1.05 0 0 0.539256
1.1 0 0 0.00219469
-0.1 0 0 0.0421395
-0.2 0 0.188467 0.0509841
-0.05 0 0 0.0363539
0.15 0 0 0.0173114
-0.05 0 0 0.0363539
0.25 0 0 0.0159037
0.4 0.001 0.021294 0.01336
-0.75 0 0.219997 0.187041
-0.2 0.005002 0 0.0518118
-0.25 0 0.042964 0.0551462
-0.7 0 0 0.175644
-0.8 0.0065 0 0.204251
-0.35 0 0 0.0644308
0.1 0 0 0.0180689
0.2 0 0 0.0166084
-0.45 0 0.183592 0.0791694
0.1 -0.001501 0 0.017804
0.1 0 0 0.0180689
0.05 0 0 0.0189985
-1 0 0.410498 0.445388
-0.3 0 0 0.0595193
0.35 -0.002 0.004249 0.0140149
0.75 -0.001999 0 0.00476252
-0.2 0 0 0.0509841
-0.1 0 0 0.0421395
0.25 0 0 0.0159037
0.05 0.0035 0.006688 0.0194223
-0.25 0 0.286349 0.0551462
-0.1 -0.001499 0.032338 0.041706
-0.05 0 0.09136 0.0363539
-0.2 0 0 0.0509841
0.15 0 0 0.0173114
-0.15 0 0.262245 0.0467639
0.1 0 0.086081 0.0180689
-0.2 0 0.043664 0.0509841
0.25 0.004501 0.132451 0.0163688
-0.15 0 0 0.0467639
-0.25 0 0 0.0551462
0.1 0.004498 0 0.0185713
0.65 0.004501 0.192994 0.00505356
0.05 0 0 0.0189985
-0.2 0 0.022747 0.0509841
-7.1625 0 0 6.12503
0.3 0 0 0.0151505
0.2 0 0 0.0166084
-0.05 0 0 0.0363539
-0.15 0 0.060743 0.0467639
-0.1 0 0 0.0421395
0.55 0 0 0.00506254
0 0.009503 0 0.0233426
0.25 0 0 0.0159037
-0.65 0 0 0.164759
0.3 0.004499 0 0.0155997
0.4 0 0.009714 0.0132052
-0.6 0 0 0.153544
-0.05 -0.001501 0.067891 0.0359615
-0.25 -0.002998 0.396941 0.0543463
-0.95 0 0.59449 0.26916
-0.35 0.0005 0 0.064654
-0.3 0 0.014555 0.0595193
0.75 -0.006499 0 0.00461438
0.15 0 0 0.0173114
-0.2 0 0 0.0509841
-0.85 0 0.380282 0.215152
-0.15 0 0 0.0467639
-0.05 0 0 0.0363539
-0.05 0 0 0.0363539
0.55 0.003 0 0.00513628
0 0 0.019357 0.0213262
0 -0.0045 0.014816 0.0207464
0.2 0.001499 0 0.0168393
0 0 0 0.0213262
-0.2 0 0 0.0509841
-0.7 0 0 0.175644
0.25 0 0 0.0159037
-0.2 0 0.07385 0.0509841
0.05 0 0 0.0189985
0.2 0 0 0.0166084
-0.25 0 0.037777 0.0551462
-0.2 0.000998 0 0.0512759
-0.35 0 0 0.0644308
0.5 0.004502 0 0.00528501
-0.35 0 0.040543 0.0644308
0.7 0 0 0.00491344
-0.65 0 0.580715 0.164759
-0.25 0.001499 0.051098 0.0555234
-0.25 -0.003001 0.429817 0.0543458
0.25 -0.002 0 0.0156107
-0.35 -0.004002 0 0.063331
-0.45 0 0 0.0791694
0.25 0 0 0.0159037
-0.2 0 0.030358 0.0509841
-0.15 0.0005 0 0.0469597
0 0 0 0.0213262
0.4 -0.007999 0 0.0122951
-0.15 0 0 0.0467639
0.05 0 0 0.0189985
-0.4 0.0015 0.048237 0.070878
-0.55 0 0 0.140462
0.45 0 0 0.011591
-0.8 0 0 0.199791
0.15 -0.001501 0 0.0170518
0.15 0.001501 0 0.0175484
0.4 -0.0015 0 0.0129866
0.35 0 0 0.0142884
-0.1 0 0.036341 0.0421395
0.3 0 0 0.0151505
-0.85 0 0.358198 0.215152
-0.3 0.005001 0 0.060401
-0.35 0 0.263899 0.0644308
-0.25 0 0.37384 0.0551462
0.05 0.006499 0 0.019747
0 0 0 0.0213262
0.1 0.0065 0 0.0187996
-0.25 0 0 0.0551462
-0.2 0 0.052761 0.0509841
0.2 0 0 0.0166084
-0.7 0.0015 0 0.176833
0.35 0.006002 0 0.0148567
0.7 -0.000501 0 0.00486729
-0.2 0 0 0.0509841
-0.1 0 0.009963 0.0421395
0.65 0 0 0.00496163
0 -0.0005 0 0.0211711
-0.15 0 0 0.0467639
-1.1 0 0.229213 0.583238
-0.2 0 0.125278 0.0509841
0.05 -0.002998 0 0.0185853
-0.6 0 0 0.153544
0.3 0.0075 0 0.0159601
0.5 0 0 0.00517528
-0.2 0 0 0.0509841
-0.55 0 0 0.140462
-0.05 0 0 0.0363539
0.2 0 0 0.0166084
0.3 -0.0015 0 0.0149099
0.75 0 0 0.0048608
-0.85 0 1.18777 0.215152
-1.25 0 1.64244 0.704321
-1.25 0 1.96247 0.704321
-1.25 0.0115 1.3225 1.1322
-0.95 0 1.38348 0.26916
-0.9 0 1.07351 0.235699
-1.3 0 1.71469 0.753859
-1.3 0 1.34699 0.753859
-0.85 0.005999 1.05124 0.219738
-0.85 0 1.15803 0.215152
-0.95 0.003504 1.54669 0.273281
-1.15 0 2.17289 0.622381
-1.6 0.0015 2.77059 2.65198
-1.15 0 2.1257 0.622381
-1.15 -0.0015 2.22338 0.615504
-1.9 0 3.28281 3.18141
-2.05 0 3.9281 3.99189
-1.7 0 3.12771 2.78598
-1.85 0.0025 4.39911 3.12402
-1.85 0 4.65243 3.05882
-5.15 0 5.57767 5.80711
-5.1 0 5.85191 5.81381
-5.8 0 5.72636 5.8265
-5.9 0 5.76378 5.83311
-5.9 0 5.98897 5.83311
-5.85 0 5.64985 5.82967
-5.85 0 5.99277 5.82967
-5.7 0 5.98061 5.82001
-5.5 0 5.76966 5.77834
-5.95 0 5.93422 5.83737
-5.6 0.003501 5.8345 5.82083
-6.05 -0.0075 5.83898 5.87185
-6.15 -0.004499 5.78958 5.88752
-5.875 -0.002001 5.85863 5.8318
-5.95 0 5.68685 5.83737
-5.65 0.0035 5.78226 5.82586
-2.15 0 5.06634 4.01388
-5.65 0.002 5.82176 5.82288
-5.9 0 5.79378 5.83311
-6.05 0 5.95277 5.87095
-5.7 0 5.55142 5.82001
-5.65 0 5.76891 5.81622
-6.25 -0.005999 5.9737 5.90086
-5.7 0 5.97164 5.82001
-6.55 0 5.84103 5.99412
-5.8 0.0015 5.75099 5.83252
-6.15 0 5.80905 5.88641
-5.65 0 5.78741 5.81622
-5.85 0 5.74741 5.82967
-5.65 0 5.73647 5.81622
-5.6 0 5.77996 5.81151
-6.2 0 5.97654 5.89263
-5.15 0 5.57492 5.80711
-5.75 -0.004999 5.81295 5.82487
-5.9 0 5.90421 5.83311
-6.05 0 5.92882 5.87095
-5.35 0.002999 5.75954 5.79732
-5.35 0 5.73989 5.79225
-5.8 0 5.73121 5.8265
-6.1 0 6.13882 5.87957
-6.25 0 6.15751 5.89872
-5.75 0.006001 6.09772 5.83973
-6.28 0.001 6.26568 5.9087
-6.45 -0.003499 6.14243 5.93596
-6.2 0 6.21615 5.89263
-6.4 0 6.17893 5.9209
-5.3625 0 6.03713 5.79151
-6.2 0 6.1796 5.89263
-6.05 0 6.24591 5.87095
-5.85 0 6.02004 5.82967
-5.995 -0.007001 6.02105 5.84441
-6.2 0 6.31013 5.89263
-6.95 0 6.35844 6.065
-6.1 -0.001001 6.0172 5.87989
-5.85 0 6.06416 5.82967
-6 0 6.20648 5.84823
-6.35 -0.0055 6.15206 5.91486
-6.1 0 6.16937 5.87957
-6.285 1e-06 6.09587 5.90313
-6.95 0.003499 6.34495 6.0751
-5.7 0 6.30315 5.82001
-5.85 0.0045 6.04389 5.84249
-5.7 -0.0005 6.31748 5.82045
-5.85 0 6.21201 5.82967
-6.15 0 6.3335 5.88641
-6.23 0 6.11771 5.89627
-5.9 0 6.29011 5.83311
-6.95 0 6.35803 6.065
-6.4 0 6.17387 5.9209
-5.9 -0.001001 6.13744 5.83338
-6.2 -0.005001 6.16798 5.89412
-6.55 0 6.35846 5.99412
-6.55 0.003499 6.16487 6.00774
-6.45 0 6.29215 5.93335
-6.35 -0.003999 6.17097 5.91422
-6.65 0 6.23469 6.00755
-6.1 0 6.13788 5.87957
-5.8225 0 6.00131 5.82791
-6.35 0 6.35896 5.91221
-6.35 -0.0015 6.35517 5.91328
-6.4 0 6.34286 5.9209
-5.85 0 6.17078 5.82967
-6.2575 0 6.26556 5.89965
-6.05 0 6.17731 5.87095
-5.675 0 6.11065 5.81819
-6.8 0.004999 6.2541 6.043
-5.9675 0 6.09052 5.83935
-6.2 0 6.05375 5.89263
-6.25 0 6.01576 5.89872
-6.1 0 6.13831 5.87957
-6.45 0 6.16202 5.93335
-5.95 0 6.11717 5.83737
-5.815 0 6.08323 5.82744
-5.515 -0.005999 6.12831 5.79972
-6.55 0 6.31939 5.99412
-6.3 0.001999 6.19594 5.91433
-6.45 0 6.351 5.93335
-6.4 0.001499 6.19902 5.92891
-5.9 0 6.27678 5.83311
-5.87 -0.0035 6.08415 5.83169
-5.95 0 6.13815 5.83737
-6.1475 0.0035 6.23169 5.89894
-6.8 0 6.34972 6.02684
