-0.45 0 0.191796
-0.85 0 0
-0.25 0 0.381063
-0.1 0 0.00781
-0.25 0.0015 0.063013
0.4 0 0
0.05 0 0
0.15 0 0
0.6 0.0075 0
-0.05 0.000998 0
0 -0.0025 0
0.15 0 0.150119
0 0 0
-0.25 0 0
0.05 0 0
0.15 -0.001999 0
-0.35 -0.006502 0
-0.35 0 0
-0.1 -0.001998 0
-0.4 0 0
-0.05 0.0015 0
-1.1 0.002998 0.228665
0.1 0 0
-0.6 0 0.452954
0.05 0 0
0.35 0 0
0.35 0.001 0
-0.35 0 0.417716
-0.75 0 0.216259
-0.55 0 0
-0.85 0 0.358092
0.45 0 0.005767
0.15 0 0
0 -0.006999 0.041486
-0.15 0.010001 0
0.05 0 0.001114
-0.35 0 0
0.55 0.001 0
-0.05 0 0
0.4 0 0
0.75 0 0
0.5 0 0
-0.5 0 0.401727
-0.3 0.0015 0.090487
-0.2 0 0
0.35 0 0
-0.1 0 0
0.2 0 0
0.2 0 0
0.05 0 0
0.75 -0.007501 0
-0.65 -0.006 0
-0.95 0 0.430721
0.4 0 0
0 0.0105 0
0.5 0.005001 0.078431
0.5 -0.004502 0
0.05 0.0045 0
-0.3 0 0.09253
0.65 0 0
0.55 -0.0085 0
-0.5 0 0.41348
-0.55 0 0.337832
-0.15 0 0
-0.05 0 0
0.65 -0.010501 0
0.35 0 0
-0.55 -0.00173 0.147016
-0.75 0 0
0.3 0 0
-0.25 2e-06 0
-0.65 0 0.759832
0.1 0 0
-0.25 -1e-06 0
0.15 0 0.046294
-0.15 0 0
0.2 0 0
-0.45 -0.003 0
-0.6 0.000501 0.638387
0.25 0.001001 0
-0.35 0 0
0.05 0 0
0.05 0 0
-0.05 0.003499 0
-0.15 0 0
-0.25 0 0.184098
0.5 0 0
-0.65 0 0
0.2 0.004501 0
-0.4 0 0
0.45 0 0
-0.25 0.001501 0.006598
-0.6 -0.0045 0
0.35 0 0
-0.2 0 0
-0.05 0 0
0.45 -0.003001 0.042668
0.1 -0.006 0.064307
0.05 0 0
-0.1 0 0
-0.4 0 0
-0.3 0 0.479059
-0.15 -0.003001 0
0.15 0 0
-0.95 0 0.591499
0.2 0 0
-0.1 0 0
-0.6 0 0.349156
-0.25 0.000637 0.176249
0.75 0 0
-0.25 0 0.29828
0.25 -0.005498 0
-0.05 0 0
-0.55 0 0.189992
0 0 0
0.55 -0.003001 0
-0.6 -0.003001 0.449401
-0.15 0 0.323655
-0.05 -0.015001 0
-0.5 0 0.030807
-0.45 -0.003501 0
-0.5 -1e-06 0.447798
-0.05 0 0
-0.25 0 0.365821
0.25 0 0
-0.45 0 0.03137
-1 0 0
-0.15 0.000999 0.294767
-0.35 0.0015 0.468688
-0.15 0.004 0
0.7 0 0
-0.3 0 0
0.3 0 0
-0.1 0 0
-0.45 0 0.004386
0 0.001501 0
-0.1 0 0
-0.95 0 0
0.25 0 0
-0.35 0 0
0 0 0
0.1 0 0.288153
0.1 0.002 0
-0.4 0.003001 0
0.1 0 0
0.3 0 0
0.25 0 0
-0.1 0.004998 0
-0.35 0 0.024331
0.15 0 0
0.05 0 0
0.3 0 0
0.05 0 0.018345
-0.55 0 0.861175
-0.75 0.002 0
-0.45 0 0.015512
-0.25 0 0
-0.45 0 0.733367
0.1 0 0
0 0 0
-0.95 -0.001 0
-0.1 0 0
-0.5 0 0
-0.4 -0.001501 0
0.65 0.000501 0
0.3 0 0.031214
0.1 0 0.006861
-0.05 0 0
0.1 0 0
-0.1 0 0
0.15 0 0.046227
0.2 0 0
-0.55 -0.000499 0.520196
0.15 0 0
-0.65 0 0.033567
-0.05 0.005002 0.389068
0.25 0 0
0.05 0 0
-0.75 0 0.852823
-0.15 0 0.133126
-0.1 0 0
-0.2 0.0015 0.001065
-0.45 0 0
0.1 0 0
0.3 0 0
-0.05 0 0
-0.05 0 0
-0.85 0 0
0.3 0 0
0 -0.003 0
-0.7 0 0
0 0 0.035863
0 0 0
-0.15 0.0015 0
0.5 0 0
0.3 -0.002 0.024131
0.35 0 0
0.1 0 0.008152
-0.1 0.001501 0.012167
1.1 -0.006502 0
-0.25 0.000499 0.036996
-0.4 0 0
0.6 0 0
-0.15 0 0
-0.15 -0.003 0
-0.15 0 0
-0.2 -0.001501 0
-0.3 0 0.061158
0.1 0 0
0.7 0 0
0.3 0 0
0.15 0 0
-0.85 0 0
0.7 0 0
-0.1 0 0
0.25 0 0
-0.25 0 0.062278
-0.05 0 0
-0.25 0.003 0.426843
-0.2 -0.0045 0
0 0 0
-0.65 0 0
-0.7 0 0.161838
0.1 0 0
0.15 0 0
-1.1 0 0.234545
0 0 0
0.45 0 0
0.25 0 0
-0.75 0 0.242713
0.15 0 0
-0.45 0 0
-5.87 0 0
-0.75 0 0.193812
0.05 0 0
0.4 0 0.080388
0.1 0 0
1.1 0 0
0.4 0 0
0 0 0
-0.75 0 0
0.35 0 0
0.45 -0.0095 0
0.05 0 0
-0.45 -0.0015 0.067253
0.15 0 0
0.05 0 0
-0.15 0 0.274221
0.05 -0.0045 0
-0.55 0 0.33124
-0.25 0 0.424686
0.2 0 0.002068
0.1 0 0.007308
0.05 0.0015 0
0.3 0 0
-0.55 0.000861 0.185209
0.25 -0.001501 0
-0.5 0 0
0.35 0 0
0 0 0
-0.3 0 0.591383
0.05 0 0
-0.6 0 0
0 0 0
-0.65 0.0035 0.812697
-0.6 0 0.342761
0 0.0015 0
0.35 0 0
-0.35 -0.003 0.274895
0.2 0 0.020288
-0.4 0 0
-0.25 0 0.198225
-8.845 0 0
0.3 0 0
-0.05 0 0
-0.7 0 0.355429
0 0 0
-0.6 0 0.269247
-0.1 -0.004998 0
-0.5 -0.003 0.000145
-0.25 0 0
-0.2 0 0
0.1 0 0
0.1 0.0015 0
-0.15 -0.0045 0
-0.15 0.0015 0
-0.25 0 0
-1 0 0.399934
-1.2 0 0
0.45 -0.0025 0
-0.2 0 0
-0.5 -0.005001 0
0.5 0 0
0.35 0 0
0 0 0
0.5 0 0
-0.75 -0.0015 0
0.05 0 0
0.1 0 0
-0.25 0 0
-0.7 0 0
-0.65 0 0.227256
-0.25 0 0.216157
0.05 0 0.004975
0.55 0 0
0.65 0 0
0.5 0 0.025305
0.1 0 0
-0.5 0 0.678444
0.55 0 0
0.3 0.000407 0.149141
-0.4 0 0
-0.75 -0.006002 0
0.15 0.010001 0
0.2 0 0
-0.1 0 0
0.75 0.001999 0
0.4 0 0
0.5 0 0
-0.15 0 0
-0.25 0.000998 0
0.05 0 0
0.8 0 0
-0.25 0 0
-0.05 0 0.023024
0.15 0 0
-0.65 0 0.573139
0.15 0 0
-0.15 0 0
0.05 0 0
-0.75 0 0
0.15 -0.0015 0
0.3 0 0
-0.05 0 0
0.35 0 0
-0.1 -1e-06 0
-0.05 0.007998 0
0.1 -0.007001 0.260854
0.15 0 0
0.5 0 0
0.55 0 0
0.05 0 0
-0.75 0 0.233094
-0.35 0 0
0 0.007501 0
-0.2 0 0
-0.25 0.002999 0.04744
-0.45 0.003 0.739207
0.35 0 0
-0.55 0 0.045116
-0.35 0 0
0.2 0 0
0.1 0 0
-0.25 0 0.002728
0.05 -0.006498 0
-0.45 0 0.065558
-0.25 0 0
-0.85 0 0
0.8 0 0
0.05 0.0005 0.010618
-0.5 0 0.439875
0.2 0 0.010819
-0.95 0 0
-0.15 0 0.119002
-0.4 0 0
0.1 0 0.024441
0.15 0.001501 0
-0.4 0.010999 0
-0.05 0 0
0.15 0 0
-0.1 -0.006 0
-0.8 0 0
0.1 0 0
0.1 0 0
0.35 0 0
-0.25 0.0015 0
0.6 -0.001501 0
-0.1 0 0
0.5 0 0
0.05 0.004998 0
0.05 0 0
0.7 0 0
-0.35 0 0.423458
-0.05 0 0
-0.05 -0.004502 0
-0.1 0 0
0.05 0.000499 0
0 0 0
0.05 0.002999 0
0.45 0 0
-0.95 0 0
-0.35 0 0
-0.65 -0.003001 0
0 0.009497 0
0.35 0 0
0.25 0 0.117566
-1 0.004498 0.411025
0.5 0 0
0.2 -0.007998 0
-0.7 0.003499 0
-0.6 0 0.045283
0.5 -0.004999 0
0.7 0.008001 0
-0.15 0 0
-0.15 0 0
0.5 0.002002 0
-0.6 -0.0035 0.000703
-0.4 0 0
-0.5 0 0.010551
-0.2 0 0
0.35 -0.008001 0
0.1 0 0
0.1 0 0.008192
0.8 0 0
-0.7 0 0
0.45 -0.0015 0.024953
0 0 0
0.2 0.0035 0.031808
-0.4 0 0
0.3 -0.009497 0
0.05 1e-06 0.033752
0.55 0 0
-0.45 0 0.489689
0.55 0 0.005471
-0.6 0 0.604311
0.25 0 0
-0.05 0 0
0.55 0 0
0.15 0 0
-0.35 0 0
-0.5 0.003 0.698036
-0.8 0 0
0.2 0 0
-0.35 0 0
0.05 0 0
-0.25 0 0
0.2 0.002001 0
0.65 0 0.17657
-0.65 0 0
0.5 0 0.065467
0.25 0.007002 0
-0.15 0 0
-0.55 0 0
-0.35 0 0.009635
-0.2 -0.006502 0.162441
-5.8975 0 0
0.1 0 0
-0.2 0 0
-0.65 0 0
-0.4 0 0.453037
0 0 0
-0.75 0 0.227873
0.15 0 0
-0.1 0 0
-0.5 -0.0015 0
0.2 0 0
0.45 0 0
0 0.002 0
-0.45 0 0
-0.4 0 0
0.45 0 0
-0.6 0 0.46276
-0.1 -0.0015 0
-0.45 0 0
0 0 0
0.65 0 0
-0.35 -0.000499 0
0.25 0 0
0.2 -0.005499 0
-0.65 0 0
0.1 0 0
0.3 0 0
0 0 0
-0.75 0 0.830645
0.3 0 0.118982
-0.35 0 0
-0.25 0 0.032847
-0.25 0 0.425828
0 0 0.037602
-0.1 0 0
0.1 0 0
0.15 -0.0035 0.019735
0.2 0 0
0 0.010999 0
-0.95 -0.003 0.370661
-0.55 0 0.055417
0.15 0 0
0.5 0 0
0.3 0.004501 0
-0.2 0 0
0.05 0.000501 0
-0.5 0 0
-0.7 0 0
-0.75 0.0035 0
0.05 0 0
0.75 0 0
-0.45 0.0015 0.476133
0 -0.002501 0
0 0 0
0.25 -0.002998 0
-0.45 0 0.000997
0.1 0 0
-0.1 0.004003 0.006939
-0.3 0 0
0.2 0 0
-0.05 0 0
-0.05 0 0
0.1 0 0
-0.15 -0.0005 0
-0.35 0 0.400967
-0.15 -0.002998 0
0.7 0 0
0 0.005001 0
-0.15 -0.0015 0.05089
0.45 -0.003502 0
-0.25 0.006 0
0.15 0 0
0.15 0 0
-0.95 0 0.394996
0.2 0.004499 0
-0.25 0 0.017312
0.1 0 0
-0.7 -0.001001 0
0.05 0 0
-0.35 0 0.401906
0.15 0.007998 0
0.25 0.001001 0.038489
-0.35 0 0
0.3 0 0
-0.35 0.003 0
-1.05 0 0.934162
-0.4 -0.0005 0
0.55 0 0
-0.45 -0.001497 0
0.2 0 0
-0.15 -0.003 0.351188
0.1 0 0
-0.5 0 0.486464
-0.05 0 0
-0.35 0.003 0.033874
-1 0 0
-0.3 -0.0015 0
0 0 0
0.45 -0.007496 0
-0.9 0.003 0.232324
0.7 0 0
0.7 0 0
-0.25 0 0
0.3 0 0
-0.65 0 0
0.3 0 0
-0.7 -0.002002 0
0.1 0 0
-0.55 0 0.348047
-0.05 0 0
-0.15 0 0
-0.5 0 0
0.55 0 0
-0.1 0.004999 0
0.25 0 0.020139
-0.15 0 0
-0.75 0 0.217388
0.65 0 0
0.25 0 0
0.65 0 0
-0.25 0 0
-0.05 0 0
-0.6 1e-06 0.339487
-0.05 0.005002 0
0.1 0 0
-0.05 0 0
0.6 0 0
-0.45 0 0.191242
0.35 0 0
-0.65 0 0.070444
-0.5 0 0
-0.4 0.003 0.022754
-0.1 0 0.002729
0.15 -0.001998 0
0.75 0 0
-0.75 0 0
-0.55 0.001999 0.051579
0.3 0 0
0.25 0 0
0 0 0.009273
0.45 0 0
-0.05 0.001998 0
-0.45 0 0.45995
-0.25 0 0.193686
0.75 0 0.007694
0.05 0 0
0.2 0.003 0
0.1 0 0.035919
-0.35 0 0
0.15 0 0.154574
-0.35 0.007 0.059948
0.3 0 0
-0.7 0 0.348977
-0.85 -0.003 0
-0.1 -0.002001 0
0.5 -0.001499 0
-0.3 0 0.499767
-0.1 0 0
-0.6 0 0
-0.45 0 0.506618
0.25 0 0
-1.05 0 0
0.15 0 0.03791
0.3 0 0
-0.15 0 0
-0.65 0.002501 0
0.05 -0.014 0
0.25 -0.002001 0
0.15 -0.0065 0
0.1 0 0
0.35 0 0
-0.45 0 0.465568
0.55 -0.0025 0
-0.15 0 0
-0.55 0 0
-0.05 0.003499 0
-1.05 -0.0035 0.442121
-5.605 0 0
-0.65 -0.001501 0
0.3 0 0
0.15 0 0
-0.45 0 0.716362
-0.55 0 0
0.2 0 0
0 0 0
-0.35 0 0.460976
-0.45 0.002 0
0.15 0 0
-0.3 0 0
-0.2 0 0.893621
0 0 0
0.45 0 0
0.05 0 0
-0.9 0 0.708245
-0.4 0 0.062952
-0.05 0.005499 0
0.05 0 0
0.45 0 0
0 -0.004501 0
-0.05 0 0.046547
-0.2 0.000501 0
-0.05 0 0
-0.3 0 0.008979
-0.1 -0.001498 0
-0.25 0 0
0.2 0 0
-0.25 0.039588 0.225164
0 0 0
0.25 0.0015 0
0.2 0 0
0.1 0 0
-0.15 0 0.501257
-0.35 0.004999 0
-0.1 0 0
-0.45 0 0
0.1 -0.006 0
-0.3 0 0
-0.55 -0.003 0.070421
-0.85 -0.0015 0.364514
0.1 0 0
-0.25 0 0
0.2 0 0
-0.15 0 0
0.45 0 0
0 0 0
0.4 0 0
-0.75 0 0
0.7 -0.0005 0
-0.2 0.004001 0.042877
0.3 0 0
0.45 0 0
-1.05 1e-06 0.94832
0.65 0 0
-0.3 0 0
-0.4 0.003501 0.086784
0.05 0 0
0.65 0 0
-0.05 0 0
0.35 0 0
0 0 0
-0.4 0 0
0.05 0 0
-0.4 0.0015 0
-0.7 0 0.504638
-0.35 0.004 0
-0.05 0 0
0.05 0 0.190543
0.35 -0.002501 0
-0.6 0 0.01287
0.1 -0.007498 0
-0.3 0 0.59435
-0.1 0 0
0.35 0 0
-0.2 -0.003001 0
0.35 0.005501 0
-0.55 0 0
-0.6 0 0.483324
0.2 -0.0025 0
-0.15 0 0.504674
0.05 0 0
-0.95 0 0
0.35 0 0
0.45 -0.006002 0
0.4 0 0
0.5 0 0.070688
-0.7 0 0
-0.3 0 0
-0.45 0 0
0.75 0 0
-0.15 -0.000999 0
-0.45 0 0.451164
0.15 0 0.032196
-0.2 -0.0035 0.043288
-0.1 0 0.038464
0.1 0 0
0.35 0 0
0 0 0
0.05 0 0
-0.05 0 0
-0.55 0 0.867602
-0.25 0.0015 0.310709
0.3 0.000502 0
-0.2 0 0
-0.15 0 0
0.65 0 0
0.45 0.002999 0
0.4 0 0
0.45 0 0
-0.4 0 0
0.2 -0.006501 0
0.45 0.002499 0
0.65 0.003501 0
-0.85 0 0.329538
0.65 0 0
0.45 -0.007501 0
-0.2 0.002499 0.927166
-0.05 0.001998 0
-0.55 0 0.523705
-0.3 0.004 0
-0.8 -0.006 0.706989
-0.7 0 0
0.25 -0.001999 0
-0.55 0 0.187187
0.3 -0.007002 0
-0.15 0 0
0.15 0 0
0.8 0.003 0
0.05 0 0
-0.7 0 0
-0.65 0.001501 0.225407
-0.75 0 0
-0.55 0 0
-0.05 0 0
-8.1175 0 0
-0.1 0 0
-0.1 -0.0025 0
-0.5 -0.001 0.474151
0 -0.000499 0
0.1 0.001501 0
-0.05 0 0.363003
0.15 -0.0005 0
-0.4 0 0
-6.2525 0 0
-0.2 0 0
-0.4 0.000501 0
0.25 0 0
-0.45 0.0015 0.034911
-0.55 0.008003 0
-0.15 0 0
0.7 0 0
-0.9 0.0025 0.736803
0.3 0 0
-0.95 0.000999 0.594687
-0.5 0 0.010728
0.45 0 0.032775
-0.4 -0.002001 0
-0.15 0 0
-0.05 0 0
-0.65 0 0
0.25 0 0
0 0 0
-0.45 0 0
-0.85 0 0.401099
-0.05 -0.005501 0
-0.3 -0.000999 0.595413
0.15 0 0
-0.25 0 0
0.6 0 0
-0.7 0 0
-0.05 0 0
0.15 0 0.049156
-0.1 0 0
0.05 0 0
-0.25 0 0
-0.15 0 0.055324
-0.4 0 0
-0.25 0 0
-0.25 0 0.017576
-0.05 0 0
-0.05 0 0
0.2 0 0
-0.75 0 0
0.15 0 0.162896
-0.2 0 0.114685
-0.05 0 0.088434
0.15 0 0
-0.15 -0.001502 0
-0.15 0 0.093525
-0.05 0 0
-0.6 0.003 0
-9.5725 -0.001001 0
-0.4 0 0.067317
-0.75 0 0
-6.28 0 0
-0.6 0.003001 0.475101
-0.25 0 0.055088
-0.5 0.0015 0.39711
0.55 0 0
-0.15 0 0
-0.3 0.004 0.503639
0.25 0 0
-0.1 0 0
-0.15 -0.000999 0.068992
0 0 0
-0.7 0 0
-0.1 0 0
0.25 0 0.029677
-0.4 0 0
-0.45 -0.0035 0.455161
0.15 -0.005 0
-1 -0.0005 0
-1.05 0 0.934117
0.4 0 0.079201
0.1 0 0
-0.55 0 0.047469
0.3 0 0.038798
0.25 -0.002499 0
-0.05 -0.006 0
0 0 0
0 0 0
0.2 0 0
0 0 0
-0.25 0 0
0.1 0 0
-0.3 0.003501 0.021425
0 0 0
0.1 0 0
-0.05 0 0
-0.45 0 0.066564
-0.45 0 0.175248
0.2 0.011593 0
-0.05 0 0
-0.25 0 0.261741
-0.2 0 0
-0.05 0 0
-0.2 0.0045 0.048837
0.2 -0.003 0
0.65 -0.004501 0
-0.45 0 0
-0.45 0 0
-0.2 0 0
-0.3 0.002003 0
-0.4 0 0
0.45 0 0.039042
-0.65 0.0015 0.337909
-0.25 0.003 0.274718
-0.3 0 0.045919
0.1 -1e-06 0
0.45 0 0
-0.9 0 0.227634
-0.05 0 0
0.25 -0.004498 0
-0.65 -0.000505 0
-0.65 -0.003001 0.030587
0.05 0.003499 0
0.3 0.001002 0
-0.3 0.0055 0.061157
0.05 0 0
-0.1 0 0
0.35 0 0
0.8 -0.000499 0
0.05 0 0
0.05 0.005503 0
-0.6 0 0
-0.75 0.004002 0.227164
-0.05 0 0.05382
0.1 -0.003002 0.007265
-0.35 0 0
-0.65 0 0.009413
-0.15 0 0.33714
-0.2 0.003501 0.124364
-5.925 -0.004 0
0.1 0 0
-7.89 -0.0025 0
0.05 0 0.247581
-0.7 0 0.153863
0.2 0 0.004574
0.1 0 0
-0.1 0 0
-0.85 0 0
-0.15 0 0
-0.1 0 0
0.1 0 0
0.45 0 0
-0.3 0 0.017444
-0.15 0 0.079957
0.65 0 0
0.15 0 0
0.05 0.003 0
-0.15 0 0
0 0 0
-0.45 0.002139 0.201339
-0.7 0 0.354006
0.3 2e-06 0
0.35 0 0
0.15 0 0
-0.5 0.010501 0
-0.25 0.0015 0
-0.4 -0.002499 0
0.25 0 0
-0.25 0 0
0.1 0 0
-0.05 0 0
0.15 0 0.03943
0 0 0
-0.85 0.003 0
-0.05 0 0
0.25 0 0
-0.75 -0.0015 0.175226
0.4 -0.006998 0
0.3 0 0
-0.6 -0.005002 0.240552
-0.6 0 0
-0.1 0 0
-0.2 0 0.273357
-0.65 0 0
0.1 -0.001 0
-0.05 0 0
-0.25 0 0.040298
0.2 0.004498 0
-1.2 0 0
0.3 0 0
0.3 -0.003 0
-0.5 0 0.657635
0.05 0 0
-0.1 0.003501 0
-5.6325 0 0
0.25 0 0
-0.85 -0.001999 0
-0.2 0 0
-6.1375 0 0
-0.35 0 0
-0.4 -0.007498 0
-0.4 0 0
0.05 0 0
-0.4 0 0.459172
0.2 0 0
-0.2 0 0
-0.6 0 0.620633
-0.7 0.002 0
-0.5 0 0
-0.5 0 0
-0.05 0 0
-0.1 0 0
0.05 0 0
0.4 0 0
0.3 0 0
-0.25 0 0
-0.2 0 0
0.2 0.0065 0
0.35 0 0
-0.25 0.005001 0
-0.65 0 0.334534
-0.45 0 0.152832
-0.95 -0.000498 0
-0.05 0.001501 0.032277
-0.05 -0.003501 0
-0.4 0 0.075062
-0.45 0.003499 0
0.55 0 0
0.55 -0.006001 0
0.05 0 0
0.25 0 0.089042
-0.35 0 0.442866
0.05 0 0
-0.3 -0.009999 0
-0.25 0 0.011561
-0.55 -0.002001 0.035379
-0.4 0 0.52146
-0.45 0 0
0.25 0 0
-0.4 0 0.078343
-0.2 0 0
-1.05 0.0005 0
0.5 0.0025 0.088444
0.35 -0.004501 0
0.45 0 0
-1.05 0 0.458047
-0.45 0 0
0.3 0 0.13775
-0.85 0.0015 0.354754
-0.35 0.0035 0
0.15 0 0
-0.1 -0.005001 0
-0.2 0 0
-0.05 0.003001 0
-0.45 0 0
-0.35 0 0
-0.5 0 0.443426
-0.85 0 0.328423
-0.25 0 0
-0.75 0 0
-0.35 -0.003499 0
-0.5 0 0
0.1 -0.001499 0
-0.5 0 0
0.25 -0.009999 0
0.25 0 0
-0.6 -0.002 0.469716
-0.45 0.000499 0
0.1 0 0.020515
0.25 0 0
-0.8 0 0
-0.7 0.005998 0
-0.1 -0.007497 0
0.55 0 0
-0.4 0.006001 0.553222
0.15 0.005999 0
-0.25 -0.001501 0
-0.5 0 0.035124
-0.1 0 0.003686
-0.05 0 0
-0.55 0 0.523395
0.1 0 0
0.5 0 0
0.2 0 0
0.7 0 0
0.25 0 0
0.5 0.001501 0
0.45 0 0.042428
-0.2 0 0
0.15 0 0
0.15 0 0
0.05 0 0
0.75 0 0.027365
0.15 -0.008499 0
-0.2 0.004 0
0.35 0 0
-0.6 0 0.313084
-0.15 -0.003501 0
-0.55 -0.002001 0
0 0 0
-0.05 0.01 0
-0.25 -1e-06 0
-0.4 0 0.478326
0.4 -0.002001 0
0.05 0 0.026419
0.1 0.004502 0
0.25 0.0015 0
0.3 0 0
-0.65 0 0.046078
-0.4 0 0
-0.45 0 0.441481
0.45 0.003 0
0.5 0 0
-0.5 0 0.499858
-0.05 0 0.086605
-0.2 0 0.257061
-1.2 -0.002497 0
-0.25 0 0.048172
-0.05 0 0.324237
-0.25 0 0
-0.3 -0.004999 0
-0.7 -0.001501 0.49443
0.6 -0.000501 0
-0.6 0 0.471283
-0.25 0 0.026542
0.1 0.005499 0
0 0 0
-0.25 0 0
-0.55 0.0025 0
0.1 -0.003 0
0.35 -0.0115 0
0 0 0
-0.05 0 0
0.05 0.008002 0.280454
0.15 0 0
-0.55 -0.0045 0.878357
0.1 0 0.111465
-0.6 0 0.452577
0.6 0 0
0.05 0 0.092439
0.2 -0.003502 0
-0.2 0.003 0
0.2 0 0
0.15 0 0
-0.35 0 0.027705
-0.25 0 0.067356
0.2 0 0
-0.65 0 0
0.2 0 0
-0.25 0 0.203583
0 0 0
-0.9 0 0.231151
-0.1 0 0.038901
-0.15 0 0
0.25 0 0
0.2 0 0
0.4 0 0.071762
0.3 0 0
-0.45 0 0
0.25 0 0
0.1 0 0
-0.25 0 0.207511
0.1 0 0
0.05 0.003496 0
-0.6 0.002999 0
0 -0.001001 0
-0.75 0.0015 0
-0.15 -0.008 0.12108
-0.55 0 0.145203
-0.45 0 0
-0.7 0 0
-6.3075 -0.001501 0
0.15 0.001999 0
0.25 0 0
-0.2 0 0.162119
-6.435 0 0
-0.25 0.000499 0.044652
0 0.0005 0
-0.85 -0.0075 1.19352
-1.05 0 1.8721
-0.95 0 1.10015
-1.25 0 1.22439
-0.95 0 1.43509
-1.2 0 1.56818
-0.9 -1e-06 1.09089
-0.85 0.0045 1.20683
-0.95 0 1.11709
-1.05 0 1.91317
-0.85 0 1.02136
-1.3 -0.0015 1.36628
-1.3 0.003 1.80155
-1.25 0.003 1.67557
-0.9 -0.0015 1.06813
-0.9 0 1.06575
-1.3 0 1.76007
-0.95 0 1.10981
-1.2 -0.003 1.59373
-0.9 0 1.08201
-1.2 0 1.57818
-0.85 0 1.20613
-1 0 1.1219
-0.95 0 1.51417
-0.85 0 1.19057
-0.95 0 1.47105
-1.05 0 1.83895
-1.25 0 1.61507
-1 -0.002 1.13602
-1.3 0 1.35418
-0.9 0 1.06625
-0.95 0 1.40599
-1 0 1.12411
-1.25 0 1.28141
-1.65 0.002 2.55295
-1.6 0 2.61688
-1.25 0 2.02035
-1.65 0 2.4954
-1.2 0 2.33485
-1.2 0 2.27732
-1.25 0.004999 2.07481
-1.65 0 2.44397
-1.2 0.0045 2.39042
-0.85 0 2.86684
-1.6 0 2.68744
-0.85 0 2.97674
-1.85 0 3.61992
-0.85 0.007499 3.064
-1.7 -0.004499 3.21839
-1.85 0 3.52906
-1.9 0 3.36068
-1.85 0.003 3.71656
-2.05 0 3.8192
-1.7 0 3.16686
-1.9 0.004499 3.4427
-1.85 0 4.27657
-2.15 0 4.92321
-1.85 0.0045 4.78531
-1.85 0 4.15664
-2.05 0.006001 4.04053
-1.85 0 4.52435
-5.35 0 5.71103
-5.4 -0.003999 5.84479
-5.45 0 5.88214
-6.05 0 5.86166
-5.55 0 5.67783
-5.15 0 5.99911
-5.95 -0.002998 5.67684
-6.65 0 5.98263
-5.5 -0.002999 5.76431
-5.1 0 5.87768
-6 0 5.76047
-6.05 -0.005002 5.85923
-5.9 -1e-06 5.77279
-6 0 5.77108
-5.85 0 5.72114
-1.85 0.006002 5.48343
-5.9 -0.0015 5.75968
-6.5 0 5.99452
-5.45 0 5.79521
-5.6 0 5.72914
-5.65 0 5.78608
-6.05 0 5.8917
-5.55 -0.003 5.69045
-5.45 0 5.79607
-5.6 0 5.96237
-6 0 5.77334
-5.9 0 5.97776
-6.05 0 5.96408
-5.8 0 5.74425
-6.65 0.001 5.97842
-5.7 -0.001499 5.77589
-6.55 0 5.86883
-5.35 0 5.95509
-5.65 0 5.74302
-5.9 0 5.78494
-5.7 0 5.79942
-5.55 0 5.67285
-6.25 0 5.99775
-5.85 -0.006 5.6867
-5.8475 0 5.83838
-5.95 -0.001999 5.73388
-5.45 0.0045 5.91439
-5.75 0 5.76069
-5.2 0 5.83499
-5.45 -0.002 5.80282
-6 0 5.81351
-5.85 0 5.70716
-5.95 0 5.75285
-6.25 0 5.9878
-5.6 -0.0035 5.72987
-5.95 0 5.68944
-5.9 0 5.75807
-5.6 0 5.95785
-5.75 0 5.75519
-5.8 0 5.75288
-6.05 0 5.90807
-5.75 0 5.82351
-5.9 -0.003 5.97886
-6.2 0 5.97501
-5.95 0 5.71032
-5.95 0 5.96141
-5.85 0.009 5.76991
-5.6 0 5.81321
-5.95 0 5.70845
-5.85 0 5.74061
-5.65 -0.0015 5.73085
-5.15 0.001501 5.60234
-5.4 0 5.862
-5.2 -0.002001 5.83453
-5.85 0.002 5.7583
-1.85 0 5.31001
-6.05 0 5.96324
-5.9 0 5.80013
-6.55 0.005 5.88884
-5.75 0 5.73693
-6.1 0 5.9832
-5.5 0 5.76959
-2.15 0.003 5.19547
-6.25 0 5.99158
-6.15 0 5.83161
-5.7 0.000498 5.56609
-5.35 0 5.93881
-5.4 0 5.88337
-1.85 0 5.40937
-5.65 0 5.75333
-5.82 0 5.84313
-5.6 -0.0005 5.93994
-6 -0.002002 5.76253
-5.7 -0.003 5.96581
-5.95 0.004499 5.71646
-5.65 0 5.76526
-5.6 0 5.74611
-5.45 0 5.84239
-5.9 0 5.90075
-6.1 0 5.99735
-5.85 0 5.7541
-5.95 0 5.73732
-5.7 0 5.79308
-5.95 0.0055 5.97704
-5.75 0 5.8319
-6.5 0 5.9776
-6 -0.0065 5.74653
-6.5 0 5.98416
-5.2 0 5.81571
-5.9 -0.001499 5.91526
-5.9 0.000999 5.80154
-5.5525 0 5.90493
-5.8 -0.003 5.72219
-5.65 0 5.74904
-6.65 0 5.99547
-5.7 0 5.53115
-6.2 1e-06 5.98077
-5.1 -1e-06 5.88838
-5.58 0 5.97835
-5.65 -0.0015 5.81047
-5.35 -0.0045 5.97513
-5.9 0 5.79961
-6.0925 0 6.15154
-6.105 -0.0025 6.05004
-6.4 0 6.18642
-6.55 0 6.28794
-6.45 0 6.38189
-6.9 0 6.29116
-6.4 0.0045 6.35278
-6.45 0 6.29148
-5.8 -0.004999 6.10951
-6.8 0 6.37859
-6.9 0.0045 6.30776
-6.35 -0.002 6.11992
-6.45 0 6.28232
-6.4125 0 6.08289
-5.7 -0.0005 6.27717
-6.44 0 6.06847
-6.8 0 6.19156
-6.0775 0 6.0524
-6.45 0.005499 6.21404
-6.05 0 6.29978
-6.9 0 6.32947
-6.1 0 6.19067
-6.4 0.009503 6.37338
-5.75 0 6.07497
-6.1 -0.001501 6.14965
-6.35 0 6.12378
-6.15 0 6.31935
-6.4 0 6.36509
-6.8 0.002499 6.07665
-6.25 0 6.13809
-5.85 0 6.21831
-5.8 -0.002501 6.13989
-6.65 0 6.0306
-5.85 0 6.10589
-5.7 0 6.24012
-5.15 0 6.02717
-6.8 0 6.22298
-5.6475 0 6.09407
-5.85 0 6.24076
-6.05 0 6.30182
-6.4 0 6.33454
-6.1 0 6.29074
-6.55 -0.003001 6.06728
-6.8 0 6.24129
-6.2 0 6.16778
-5.9 0 6.13139
-5.85 0.005502 6.14821
-6.2 -0.001499 6.03403
-5.8425 0 6.08062
-6.1 0 6.31857
-6.25 0.004999 6.16564
-6.8 0 6.21653
-6.2 0 6.29421
-6.05 0 6.06278
-5.9 -0.002501 6.29852
-5.8225 0 6.12439
-6.35 0 6.20177
-6.8 0 6.25543
-6.8 0.0055 6.3794
-5.8775 -0.003001 6.21044
-6.95 0 6.17727
-6.2 0 6.2075
-6.75 -0.010002 6.25358
-6.35 0 6.13709
-6.25 0.0035 6.00041
-6 0.003999 6.21375
-6.35 0.002 6.12686
-5.8 0 6.03781
-6.1 0 6.35164
-6.45 -0.002999 6.26357
-5.8 0 6.13202
-6.1 0.0055 6.36198
-5.8 0 6.15233
-7.05 0 6.27393
-6.12 0 6.19655
-6.65 0.0035 6.23914
-6.55 0.011001 6.31948
-6.105 0 6.14975
-6.6 0 6.23756
-6.3 0 6.36434
-6.2 0 6.35006
-5.85 0 6.20264
-6.1 -0.0015 6.12868
-5.7025 -0.001999 6.11865
-6.15 0 6.37931
-6.3 0 6.15143
-6.55 -0.007001 6.29672
-5.335 0 6.04557
-7.05 -0.004998 6.26472
-6.45 -0.002 6.28813
-6.6 -0.001502 6.22212
-6.35 0 6.16972
-6.05 0 6.20062
-6.35 0 6.11403
-6.4 0 6.19494
-6 0 6.1807
-6.55 0 6.25514
-5.85 0.002501 6.26029
-5.8675 0 6.04287
-6.4 0 6.32848
-5.9825 0 6.05602
-5.8 0 6.01909
-6.1 0 6.35348
-6.45 0.016502 6.41814
-6.45 0 6.17761
-6.1 0 6.2768
-5.85 0 6.09742
-5.85 0.001501 6.21664
-6.2 0 6.35278
-6.3 0 6.17364
-6.35 0.002 6.11832
-5.85 0 6.08071
-6.05 -0.003499 6.30019
-5.7 0 6.25416
-6.8 0.005999 6.24128
-6.2 0 6.04662
-5.9225 0.001498 6.06442
-6.2 -0.001999 6.34368
-5.9 0 6.11431
-6.65 -0.001501 6.01007
-6.1 -0.008499 6.24865
-7.05 0 6.31698
-6.55 0 6.08694
-6.35 0 6.13048
-6.05 -0.004 6.23428
-6.45 0 6.14613
-6.9 0.003999 6.35476
-6.05 0.000499 6.21371
-6.45 -0.013001 6.27647
-6.05 0 6.23632
-5.75 0 6.043
-6.8 -0.001498 6.1959
-5.95 0.001 6.15
-6.15 0 6.39888
-6.35 0 6.35722
-6.55 0 6.1125
-6.35 0 6.15661
-5.8 0 6.14475
-6.4 -0.0005 6.17539
-5.7 0 6.30875
-6.55 0 6.14938
-6.01 0 6.07069
-6.3125 -0.000497 6.23586
-6.4675 -0.003501 6.06988
-6.1325 -0.003002 6.14154
-6.2525 0 6.26165
-6.225 0 6.25452
-6.35 0 6.11088
-6.9 0 6.3034
-6.35 0 6.20653
-6.1 0 6.30953
-6.15 -0.006502 6.3195
-6.1 -0.0045 6.15186
-6.1 0.0085 6.38988
-6.6 0 6.24859
-5.4875 0 6.12301
-6.75 0 6.28201
-6.55 0 6.16232
-6.95 0 6.20209
-6.95 0.000502 6.16888
-5.8 0 6.11462
-6.8 0 6.10519
-6.1 0 6.12889
-6.0775 0 6.15739
-6.3 -0.013002 6.33593
-5.46 0 6.13266
-5.895 0 6.05767
-5.795 0 6.08778
-6.0375 0.001002 6.07984
-6.65 0 6.23549
-6.15 -0.007 6.35264
-6.45 0 6.30576
-6.8 0 6.09302
-5.94 0 6.18487
-6.3 0 6.41287
-6.2575 0 6.10746
-6.9 0 6.34485
-5.39 -0.006 6.03613
-6.75 0 6.33924
-5.6075 0.008501 6.02559
-6.2 0.001001 6.31379
-6.45 0 6.3039
-6.285 0 6.25974
-5.85 -0.0065 6.1768
-6.45 0 6.3047
-6.65 0 6.0559
-6.2 -0.000499 6.19761
-6.45 0 6.20416
-6.35 0 6.18093
-5.85 0 6.18801
-5.15 0.001 6.04028
-6.8 0 6.24574
-5.8 -0.006499 6.00278
0.2 -0.001498 0
0.8 0 0
-0.15 0 0
-0.75 0 0.223337
0.65 0 0.140036
0.05 0.0015 0
-0.3 0 0
0.2 0 0.002528
0.1 0 0
0.5 0.001501 0
0.1 0.003501 0
-0.15 0 0.489936
-0.1 0 0
0.05 0 0
0.15 0 0
-0.8 0.001501 0
-0.65 0 0.231058
0.45 0 0.002379
-0.55 0 0
-0.25 -0.0025 0
-0.15 0 0
-0.75 0 0
0.35 0.005999 0
0.55 0 0
-0.05 0 0.000168
0.65 0.003998 0
0.05 0 0
-0.85 0.005001 0.33092
-0.8 0 0.715508
-0.7 0.0015 0.138943
0.45 0 0
-0.4 0.008 0
0.4 0.000998 0
0 -0.005001 0
-0.45 0 0.017214
-0.1 0.001501 0
0.15 0.0015 0
0 0 0.088941
0 0.011999 0
0.45 0 0
-0.1 -0.002997 0
-0.5 -0.002999 0
-0.7 0 0.513986
-0.85 0 0.977181
-0.55 -0.007001 0
-0.75 0 0.225585
0.25 0 0
-0.55 0 0
0.1 0.005 0
-0.05 0.010502 0
0 0 0.058721
-0.1 0 0.005193
-0.35 -0.002002 0
0.2 0 0
0 0 0
0 0 0
-0.55 0 0.07725
-0.4 0.0015 0.451923
-0.45 0.001093 0.145757
0.1 0.006498 0
0.05 0.006998 0
0.05 0 0
0.15 -0.002997 0
0.7 0.006499 0
0 0.011498 0
-0.05 0 0
-0.15 -0.002 0
0 0.004002 0
0.3 0 0
-0.45 -0.003 0
0.15 0 0
-0.55 0 0
0 0 0
-0.65 0 0.789016
-0.4 0 0
0.55 0 0
0.25 0 0
0 0.000997 0
0.2 2e-06 0
0.05 0 0
0.45 0 0
0.05 0 0.067228
-0.15 -0.003 0
0.7 0 0
-0.75 0 0.842622
0.2 0 0
-0.1 0 0
0.3 0 0
-0.2 0.006 0
-0.35 0 0.253343
-0.25 0 0
0.1 -0.010997 0
0.15 0 0.039272
-0.55 0 0.144635
0.1 0 0
0.3 -0.000499 0
-0.6 0 0
-0.1 0.001093 0.103121
0.1 0 0
-0.6 0 0
0.4 0 0
-0.05 0 0
-0.25 0 0.235001
-0.6 0 0.462965
0.1 -0.004499 0
0.3 -0.010999 0
0.3 0 0
-0.05 0 0
0 0 0
-0.45 0 0.148516
-0.35 -0.001001 0.4032
0.1 -0.007178 0
-0.35 0 0
0.35 0 0
-0.35 0 0
-0.1 0 0
0.2 0 0
0.1 0.000502 0
0.6 0 0
0.35 0 0.003336
-0.1 0.001999 0
-0.1 0 0
-0.25 0 0.183885
-0.55 0 0
0.25 -0.0015 0
-0.1 0 0.090058
-0.25 0 0.404709
0 1e-06 0
0.35 0 0
0.4 0 0
0.45 0 0.043763
-0.55 0 0
0.05 0.004 0.099923
0.6 0 0
-0.2 0 0
0.15 0.006499 0.089109
-1.05 0 0.489976
-0.55 0 0.087092
-0.15 0 0.00559
-0.1 0 0
-0.2 -0.0015 0.238437
0.45 0 0
-0.2 -0.002001 0
-0.75 0 0
0.15 -1e-06 0.079786
0.3 0 0
-5.66 -0.005502 0
0.25 0.006 0
-0.25 -0.0015 0
0.05 -0.002 0
0.5 0 0.047851
0.1 0 0.269626
0.1 0 0
0.2 0 0
0.25 0.004002 0
-0.3 0 0
-0.35 0 0.408736
-0.75 0.003 0
-0.45 0.000501 0
0.35 -0.001499 0
0.25 0 0
0.65 -0.005503 0
0.15 0 0
0.15 0 0
-0.25 0.004 0.032009
-0.55 0 0
0.2 -0.001501 0
-0.75 0 0
0.15 0.006999 0
-0.8 0 0.733416
-0.15 0 0
-0.3 0 0
-0.4 0 0
-0.45 0 0
0 0 0
0.1 0 0
-0.25 0 0.046034
0.5 0 0
-0.1 0 0
-0.35 0 0
-0.45 0.001999 0.518033
-0.75 0.003 0.24321
0.25 0 0
-0.35 0 0
-0.65 0 0
0.15 0 0.065644
-0.25 0 0
-6.1925 -0.003 0
-0.45 -0.002998 0.19921
-0.05 0 0
-0.25 0 0
-0.05 0 0
-6.165 0 0
0.55 0.001501 0
-0.45 -0.006501 0
0 0 0
0.15 0 0
-0.45 0 0
-0.25 0 0
-0.6 0 0
0.45 0 0
-0.3 0 0.09547
-0.35 0.002 0
-0.9 0 0.719688
0.45 0 0
-0.4 0 0
-0.05 -0.004503 0
-0.1 0 0.079676
-0.85 0 0
-0.45 0 0.035293
0.35 0.008001 0
0.25 0 0
0.25 0 0
0.45 -0.0035 0
0.1 0 0
0.1 0 0
0.35 0 0
-0.05 -0.003917 0
0.05 0 0.000341
0.2 -0.003501 0
0.3 -0.0085 0
-0.55 0 0.116786
-0.65 0.001499 0.586817
-0.4 0 0
-0.3 0 0
-0.65 0 0.332582
-0.35 0 0
-0.1 0 0
-0.15 0 0
-0.2 0.0035 0
0.65 0 0
0 -0.014502 0
0.3 0 0
-0.2 0 0.913577
-0.25 0 0
-0.15 0 0
-0.05 0.0015 0
0.1 0.0015 0
-0.05 0.006499 0
-1.05 0 0
1.1 0 0
-0.1 0 0
-0.2 0 0.188467
-0.05 0 0
0.15 0 0
-0.05 0 0
0.25 0 0
0.4 0.001 0.021294
-0.75 0 0.219997
-0.2 0.005002 0
-0.25 0 0.042964
-0.7 0 0
-0.8 0.0065 0
-0.35 0 0
0.1 0 0
0.2 0 0
-0.45 0 0.183592
0.1 -0.001501 0
0.1 0 0
0.05 0 0
-1 0 0.410498
-0.3 0 0
0.35 -0.002 0.004249
0.75 -0.001999 0
-0.2 0 0
-0.1 0 0
0.25 0 0
0.05 0.0035 0.006688
-0.25 0 0.286349
-0.1 -0.001499 0.032338
-0.05 0 0.09136
-0.2 0 0
0.15 0 0
-0.15 0 0.262245
0.1 0 0.086081
-0.2 0 0.043664
0.25 0.004501 0.132451
-0.15 0 0
-0.25 0 0
0.1 0.004498 0
0.65 0.004501 0.192994
0.05 0 0
-0.2 0 0.022747
-7.1625 0 0
0.3 0 0
0.2 0 0
-0.05 0 0
-0.15 0 0.060743
-0.1 0 0
0.55 0 0
0 0.009503 0
0.25 0 0
-0.65 0 0
0.3 0.004499 0
0.4 0 0.009714
-0.6 0 0
-0.05 -0.001501 0.067891
-0.25 -0.002998 0.396941
-0.95 0 0.59449
-0.35 0.0005 0
-0.3 0 0.014555
0.75 -0.006499 0
0.15 0 0
-0.2 0 0
-0.85 0 0.380282
-0.15 0 0
-0.05 0 0
-0.05 0 0
0.55 0.003 0
0 0 0.019357
0 -0.0045 0.014816
0.2 0.001499 0
0 0 0
-0.2 0 0
-0.7 0 0
0.25 0 0
-0.2 0 0.07385
0.05 0 0
0.2 0 0
-0.25 0 0.037777
-0.2 0.000998 0
-0.35 0 0
0.5 0.004502 0
-0.35 0 0.040543
0.7 0 0
-0.65 0 0.580715
-0.25 0.001499 0.051098
-0.25 -0.003001 0.429817
0.25 -0.002 0
-0.35 -0.004002 0
-0.45 0 0
0.25 0 0
-0.2 0 0.030358
-0.15 0.0005 0
0 0 0
0.4 -0.007999 0
-0.15 0 0
0.05 0 0
-0.4 0.0015 0.048237
-0.55 0 0
0.45 0 0
-0.8 0 0
0.15 -0.001501 0
0.15 0.001501 0
0.4 -0.0015 0
0.35 0 0
-0.1 0 0.036341
0.3 0 0
-0.85 0 0.358198
-0.3 0.005001 0
-0.35 0 0.263899
-0.25 0 0.37384
0.05 0.006499 0
0 0 0
0.1 0.0065 0
-0.25 0 0
-0.2 0 0.052761
0.2 0 0
-0.7 0.0015 0
0.35 0.006002 0
0.7 -0.000501 0
-0.2 0 0
-0.1 0 0.009963
0.65 0 0
0 -0.0005 0
-0.15 0 0
-1.1 0 0.229213
-0.2 0 0.125278
0.05 -0.002998 0
-0.6 0 0
0.3 0.0075 0
0.5 0 0
-0.2 0 0
-0.55 0 0
-0.05 0 0
0.2 0 0
0.3 -0.0015 0
0.75 0 0
-0.85 0 1.18777
-1.25 0 1.64244
-1.25 0 1.96247
-1.25 0.0115 1.3225
-0.95 0 1.38348
-0.9 0 1.07351
-1.3 0 1.71469
-1.3 0 1.34699
-0.85 0.005999 1.05124
-0.85 0 1.15803
-0.95 0.003504 1.54669
-1.15 0 2.17289
-1.6 0.0015 2.77059
-1.15 0 2.1257
-1.15 -0.0015 2.22338
-1.9 0 3.28281
-2.05 0 3.9281
-1.7 0 3.12771
-1.85 0.0025 4.39911
-1.85 0 4.65243
-5.15 0 5.57767
-5.1 0 5.85191
-5.8 0 5.72636
-5.9 0 5.76378
-5.9 0 5.98897
-5.85 0 5.64985
-5.85 0 5.99277
-5.7 0 5.98061
-5.5 0 5.76966
-5.95 0 5.93422
-5.6 0.003501 5.8345
-6.05 -0.0075 5.83898
-6.15 -0.004499 5.78958
-5.875 -0.002001 5.85863
-5.95 0 5.68685
-5.65 0.0035 5.78226
-2.15 0 5.06634
-5.65 0.002 5.82176
-5.9 0 5.79378
-6.05 0 5.95277
-5.7 0 5.55142
-5.65 0 5.76891
-6.25 -0.005999 5.9737
-5.7 0 5.97164
-6.55 0 5.84103
-5.8 0.0015 5.75099
-6.15 0 5.80905
-5.65 0 5.78741
-5.85 0 5.74741
-5.65 0 5.73647
-5.6 0 5.77996
-6.2 0 5.97654
-5.15 0 5.57492
-5.75 -0.004999 5.81295
-5.9 0 5.90421
-6.05 0 5.92882
-5.35 0.002999 5.75954
-5.35 0 5.73989
-5.8 0 5.73121
-6.1 0 6.13882
-6.25 0 6.15751
-5.75 0.006001 6.09772
-6.28 0.001 6.26568
-6.45 -0.003499 6.14243
-6.2 0 6.21615
-6.4 0 6.17893
-5.3625 0 6.03713
-6.2 0 6.1796
-6.05 0 6.24591
-5.85 0 6.02004
-5.995 -0.007001 6.02105
-6.2 0 6.31013
-6.95 0 6.35844
-6.1 -0.001001 6.0172
-5.85 0 6.06416
-6 0 6.20648
-6.35 -0.0055 6.15206
-6.1 0 6.16937
-6.285 1e-06 6.09587
-6.95 0.003499 6.34495
-5.7 0 6.30315
-5.85 0.0045 6.04389
-5.7 -0.0005 6.31748
-5.85 0 6.21201
-6.15 0 6.3335
-6.23 0 6.11771
-5.9 0 6.29011
-6.95 0 6.35803
-6.4 0 6.17387
-5.9 -0.001001 6.13744
-6.2 -0.005001 6.16798
-6.55 0 6.35846
-6.55 0.003499 6.16487
-6.45 0 6.29215
-6.35 -0.003999 6.17097
-6.65 0 6.23469
-6.1 0 6.13788
-5.8225 0 6.00131
-6.35 0 6.35896
-6.35 -0.0015 6.35517
-6.4 0 6.34286
-5.85 0 6.17078
-6.2575 0 6.26556
-6.05 0 6.17731
-5.675 0 6.11065
-6.8 0.004999 6.2541
-5.9675 0 6.09052
-6.2 0 6.05375
-6.25 0 6.01576
-6.1 0 6.13831
-6.45 0 6.16202
-5.95 0 6.11717
-5.815 0 6.08323
-5.515 -0.005999 6.12831
-6.55 0 6.31939
-6.3 0.001999 6.19594
-6.45 0 6.351
-6.4 0.001499 6.19902
-5.9 0 6.27678
-5.87 -0.0035 6.08415
-5.95 0 6.13815
-6.1475 0.0035 6.23169
-6.8 0 6.34972